9866412
9866410
9866408
9866406
9866402
9866400
9866398
9866396
9866394
9866390
9866388
9866386
9866384
9866382
9866380
9866378
9866376
9866374
9866372
9866370
9866368
9866364
9866362
9866360
9866358
9866356
9866354
9866352
9866350
9866348
9866346
9866344
9866342
9866340
9866338
9866336
9866332
9866330
9866328
9866326
9866324
9866322
9866320
9866318
9866314
9866312
9866310
9866308
9866306
9866304
9866302
9866300
9866298
9866296
9866294
9866292
9866290
9866288
9866286
9866284
9866282
9866280
9866278
9866276
9866274
9866272
9866268
9866264
9866262
9866260
9866258
9866256
9866254
9866250
9866248
9866246
9866244
9866242
9866240
9866238
9866236
9866234
9866232
9866230
9866228
9866226
9866224
9866222
9866220
9866216
9866214
9866212
9866210
9866208
9866206
9866204
9866200
9866198
9866196
9866194
9866192
9866190
9866188
9866186
9866184
9866182
9866180
9866178
9866176
9866174
9866172
9866170
9866168
9866166
9866164
9866162
9866160
9866158
9866156
9866154
9866152
9866150
9866148
9866146
9866144
9866142
9866140
9866138
9866136
9866134
9866132
9866130
9866128
9866126
9866124
9866122
9866120
9866118
9866116
9866110
9866108
9866106
9866104
9866102
9866100
9866098
9866096
9866094
9866092
9866090
9866088
9866086
9866084
9866082
9866080
9866078
9866076
9866074
9866072
9866070
9866068
9866066
9866064
9866062
9866060
9866058
9866056
9866054
9866052
9866050
9866048
9866046
9866044
9866042
9866040
9866038
9866036
9866034
9866032
9866030
9866028
9866026
9866024
9866022
9866020
9866018
9866016
9866014
9866012
9866010
9866008
9866006
9866004
9866002
9866000
9865998
9865996
9865994
9865992
9865990
9865988
9865986
9865984
9865982
9865980
9865978
9865976
9865974
9865972
9865970
9865968
9865966
9865964
9865962
9865960
9865958
9865956
9865954
9865952
9865950
9865948
9865946
9865944
9865942
9865940
9865938
9865936
9865934
9865932
9865930
9865928
9865926
9865924
9865922
9865920
9865918
9865916
9865914
9865912
9865910
9865908
9865906
9865904
9865902
9865900
9865898
9865896
9865894
9865892
9865890
9865888
9865886
9865884
9865882
9865880
9865878
9865876
9865874
9865872
9865870
9865868
9865866
9865864
9865862
9865860
9865858
9865856
9865854
9865852
9865850
9865848
9865846
9865844
9865842
9865840
9865838
9865836
9865834
9865832
9865830
9865828
9865826
9865824
9865822
9865820
9865818
9865816
9865814
9865812
9865810
9865808
9865806
9865804
9865802
9865800
9865798
9865796
9865794
9865792
9865790
9865788
9865786
9865784
9865782
9865780
9865778
9865776
9865774
9865772
9865770
9865768
9865766
9865764
9865762
9865760
9865758
9865756
9865754
9865752
9865750
9865748
9865746
9865744
9865742
9865740
9865738
9865736
9865734
9865732
9865730
9865728
9865726
9865724
9865722
9865720
9865718
9865716
9865714
9865712
9865710
9865708
9865706
9865704
9865702
9865700
9865698
9865696
9865694
9865692
9865690
9865688
9865686
9865684
9865682
9865680
9865678
9865676
9865674
9865672
9865670
9865666
9865664
9865662
9865660
9865656
9865654
9865652
9865650
9865648
9865646
9865644
9865642
9865640
9865638
9865636
9865634
9865632
9865630
9865628
9865626
9865624
9865622
9865620
9865618
9865616
9865614
9865612
9865610
9865608
9865606
9865604
9865602
9865600
9865598
9865596
9865594
9865588
9865586
9865584
9865582
9865580
9865578
9865576
9865574
9865572
9865570
9865568
9865566
9865564
9865562
9865560
9865558
9865556
9865554
9865552
9865550
9865548
9865546
9865544
9865542
9865540
9865538
9865536
9865534
9865532
9865530
9865528
9865526
9865524
9865522
9865520
9865518
9865516
9865514
9865512
9865510
9865508
9865506
9865504
9865502
9865500
9865498
9865496
9865494
9865492
9865490
9865488
9865486
9865484
9865482
9865480
9865478
9865476
9865474
9865472
9865470
9865466
9865464
9865462
9865460
9865458
9865456
9865450
9865448
9865444
9865442
9865434
9865432
9865430
9865426
9865424
9865422
9865420
9865416
9865414
9865412
9865410
9865408
9865402
9865400
9865396
9865394
9865392
9865390
9865388
9865386
9865384
9865382
9865380
9865378
9865376
9865374
9865372
9865370
9865368
9865366
9865364
9865362
9865360
9865358
9865356
9865354
9865352
9865350
9865348
9865346
9865344
9865342
9865340
9865338
9865336
9865334
9865332
9865330
9865328
9865324
9865322
9865314
9865312
9865310
9865308
9865306
9865304
9865302
9865300
9865296
9865294
9865292
9865290
9865288
9865286
9865282
9865280
9865278
9865276
9865274
9865272
9865270
9865268
9865266
9865264
9865262
9865260
9865258
9865256
9865254
9865252
9865250
9865248
9865246
9865244
9865242
9865240
9865238
9865236
9865234
9865232
9865230
9865228
9865226
9865224
9865222
9865218
9865216
9865214
9865212
9865210
9865206
9865204
9865202
9865200
9865198
9865196
9865194
9865192
9865190
9865188
9865186
9865184
9865180
9865178
9865176
9865174
9865172
9865170
9865168
9865166
9865164
9865162
9865160
9865158
9865156
9865154
9865150
9865148
9865146
9865144
9865142
9865140
9865138
9865134
9865132
9865130
9865128
9865126
9865124
9865122
9865120
9865118
9865116
9865114
9865112
9865110
9865108
9865106
9865104
9865102
9865100
9865098
9865096
9865094
9865092
9865090
9865088
9865086
9865082
9865080
9865078
9865076
9865072
9865070
9865068
9865066
9865064
9865062
9865060
9865058
9865056
9865054
9865052
9865050
9865046
9865042
9865040
9865038
9865036
9865034
9865032
9865028
9865026
9865024
9865022
9865018
9865014
9865012
9865010
9865008
9865006
9865004
9865002
9865000
9864998
9864996
9864994
9864992
9864990
9864986
9864984
9864980
9864978
9864976
9864974
9864972
9864970
9864968
9864966
9864964
9864962
9864958
9864956
9864954
9864948
9864946
9864944
9864940
9864938
9864936
9864932
9864926
9864924
9864922
9864920
9864918
9864914
9864910
9864908
9864906
9864904
9864902
9864900
9864898
9864896
9864894
9864892
9864890
9864888
9864886
9864884
9864882
9864880
9864878
9864876
9864874
9864872
9864870
9864866
9864864
9864862
9864860
9864858
9864856
9864854
9864852
9864850
9864848
9864846
9864844
9864842
9864840
9864838
9864836
9864834
9864832
9864830
9864828
9864826
9864824
9864822
9864820
9864818
9864816
9864814
9864812
9864810
9864808
9864804
9864802
9864800
9864798
9864794
9864792
9864790
9864788
9864786
9864784
9864782
9864780
9864778
9864776
9864774
9864766
9864764
9864762
9864760
9864758
9864756
9864752
9864750
9864748
9864746
9864744
9864742
9864740
9864738
9864736
9864734
9864732
9864730
9864728
9864726
9864724
9864722
9864720
9864718
9864716
9864714
9864712
9864710
9864708
9864706
9864704
9864700
9864698
9864696
9864694
9864692
9864690
9864688
9864686
9864684
9864682
9864680
9864678
9864676
9864674
9864672
9864670
9864668
9864666
9864664
9864662
9864660
9864658
9864656
9864654
9864652
9864650
9864646
9864644
9864640
9864638
9864636
9864634
9864632
9864630
9864628
9864626
9864624
9864622
9864620
9864618
9864616
9864614
9864610
9864608
9864606
9864604
9864602
9864598
9864596
9864594
9864592
9864590
9864588
9864586
9864584
9864582
9864578
9864576
9864574
9864572
9864570
9864568
9864566
9864564
9864562
9864560
9864558
9864556
9864554
9864552
9864550
9864548
9864546
9864544
9864542
9864540
9864538
9864536
9864534
9864532
9864530
9864528
9864526
9864524
9864522
9864520
9864518
9864516
9864514
9864512
9864508
9864506
9864502
9864500
9864498
9864494
9864490
9864488
9864486
9864484
9864482
9864480
9864476
9864474
9864470
9864446
9864436
9864422
9864418
9864414
9864412
9864410
9864406
9864402
9864400
9864398
9864396
9864394
9864392
9864390
9864388
9864386
9864384
9864382
9864380
9864378
9864376
9864370
9864368
9864366
9864364
9864362
9864360
9864358
9864356
9864354
9864352
9864350
9864348
9864346
9864344
9864342
9864340
9864338
9864336
9864334
9864332
9864330
9864328
9864326
9864324
9864322
9864320
9864318
9864316
9864314
9864312
9864310
9864308
9864306
9864304
9864298
9864296
9864294
9864292
9864290
9864288
9864286
9864284
9864282
9864280
9864278
9864276
9864274
9864272
9864270
9864268
9864266
9864264
9864262
9864260
9864258
9864256
9864254
9864252
9864250
9864248
9864246
9864244
9864242
9864240
9864238
9864236
9864234
9864232
9864230
9864228
9864226
9864224
9864220
9864218
9864216
9864214
9864212
9864210
9864208
9864206
9864204
9864202
9864200
9864198
9864196
9864194
9864192
9864190
9864188
9864186
9864184
9864170
9864160
9864144
9864136
9864134
9864132
9864130
9864128
9864126
9864124
9864122
9864120
9864118
9864116
9864112
9864110
9864108
9864106
9864104
9864102
9864100
9864098
9864096
9864092
9864090
9864086
9864082
9864080
9864078
9864076
9864074
9864070
9864068
9864066
9864064
9864062
9864060
9864058
9864054
9864052
9864050
9864048
9864046
9864044
9864042
9864040
9864038
9864036
9864034
9864032
9864030
9864028
9864026
9864024
9864022
9864020
9864018
9864016
9864014
9864012
9864010
9864008
9864006
9864004
9864002
9864000
9863998
9863996
9863994
9863992
9863990
9863988
9863986
9863984
9863982
9863980
9863978
9863976
9863974
9863972
9863970
9863968
9863966
9863964
9863962
9863960
9863958
9863956
9863954
9863952
9863950
9863948
9863946
9863944
9863942
9863940
9863938
9863936
9863934
9863932
9863930
9863928
9863926
9863924
9863922
9863920
9863918
9863916
9863914
9863912
9863910
9863908
9863906
9863904
9863902
9863900
9863898
9863896
9863894
9863892
9863888
9863886
9863884
9863882
9863880
9863878
9863876
9863874
9863872
9863870
9863868
9863866
9863862
9863860
9863858
9863856
9863852
9863850
9863848
9863846
9863844
9863842
9863838
9863834
9863832
9863830
9863828
9863826
9863824
9863822
9863816
9863814
9863812
9863810
9863808
9863806
9863804
9863802
9863800
9863798
9863796
9863794
9863792
9863790
9863788
9863786
9863784
9863782
9863780
9863778
9863776
9863774
9863772
9863770
9863768
9863766
9863764
9863762
9863760
9863758
9863756
9863754
9863752
9863750
9863748
9863746
9863744
9863742
9863740
9863738
9863736
9863734
9863732
9863728
9863726
9863724
9863722
9863720
9863718
9863716
9863714
9863712
9863710
9863708
9863706
9863704
9863702
9863700
9863698
9863696
9863694
9863692
9863690
9863688
9863686
9863684
9863682
9863680
9863678
9863676
9863674
9863672
9863670
9863668
9863666
9863664
9863662
9863660
9863658
9863656
9863654
9863652
9863650
9863648
9863646
9863644
9863642
9863640
9863638
9863636
9863634
9863632
9863630
9863628
9863626
9863624
9863622
9863620
9863618
9863616
9863614
9863612
9863610
9863608
9863606
9863604
9863602
9863600
9863598
9863596
9863594
9863592
9863590
9863588
9863586
9863584
9863582
9863580
9863578
9863576
9863574
9863572
9863568
9863566
9863564
9863562
9863560
9863558
9863556
9863554
9863552
9863550
9863548
9863546
9863544
9863542
9863540
9863538
9863536
9863534
9863532
9863530
9863528
9863526
9863524
9863520
9863518
9863516
9863514
9863512
9863510
9863508
9863506
9863504
9863502
9863500
9863498
9863496
9863494
9863492
9863490
9863486
9863484
9863482
9863480
9863478
9863476
9863474
9863472
9863470
9863468
9863466
9863464
9863462
9863460
9863458
9863456
9863454
9863452
9863450
9863448
9863446
9863444
9863442
9863440
9863438
9863436
9863434
9863432
9863430
9863428
9863426
9863424
9863422
9863420
9863418
9863416
9863414
9863410
9863408
9863406
9863404
9863400
9863396
9863394
9863392
9863390
9863388
9863386
9863384
9863382
9863380
9863378
9863376
9863372
9863370
9863368
9863366
9863364
9863362
9863360
9863358
9863356
9863354
9863352
9863350
9863348
9863346
9863344
9863342
9863340
9863338
9863336
9863334
9863332
9863330
9863328
9863326
9863324
9863322
9863320
9863318
9863316
9863314
9863312
9863310
9863308
9863306
9863304
9863302
9863300
9863298
9863296
9863294
9863292
9863290
9863288
9863286
9863284
9863282
9863280
9863278
9863276
9863274
9863272
9863270
9863268
9863266
9863264
9863260
9863256
9863254
9863252
9863250
9863248
9863246
9863244
9863242
9863240
9863238
9863234
9863232
9863230
9863228
9863226
9863224
9863222
9863218
9863214
9863212
9863210
9863208
9863204
9863202
9863200
9863198
9863196
9863194
9863192
9863190
9863186
9863184
9863182
9863180
9863178
9863176
9863174
9863170
9863168
9863166
9863164
9863160
9863158
9863156
9863154
9863150
9863148
9863146
9863142
9863138
9863136
9863134
9863132
9863130
9863128
9863126
9863124
9863122
9863120
9863118
9863116
9863114
9863112
9863110
9863108
9863106
9863104
9863102
9863100
9863098
9863096
9863094
9863092
9863090
9863088
9863086
9863084
9863082
9863080
9863078
9863074
9863072
9863070
9863068
9863066
9863064
9863062
9863060
9863058
9863056
9863054
9863050
9863048
9863046
9863044
9863042
9863040
9863038
9863036
9863034
9863032
9863028
9863026
9863024
9863022
9863020
9863018
9863016
9863014
9863012
9863010
9863008
9863006
9863004
9863002
9863000
9862998
9862996
9862994
9862990
9862988
9862986
9862984
9862982
9862980
9862978
9862976
9862974
9862970
9862968
9862966
9862964
9862962
9862960
9862958
9862956
9862954
9862952
9862948
9862946
9862944
9862942
9862940
9862938
9862936
9862934
9862932
9862930
9862928
9862924
9862922
9862920
9862918
9862916
9862912
9862910
9862908
9862906
9862904
9862902
9862900
9862898
9862896
9862894
9862892
9862890
9862888
9862886
9862884
9862882
9862880
9862878
9862876
9862874
9862872
9862870
9862868
9862866
9862864
9862862
9862860
9862858
9862856
9862854
9862852
9862850
9862848
9862846
9862844
9862842
9862840
9862838
9862836
9862834
9862832
9862830
9862828
9862826
9862824
9862822
9862820
9862818
9862816
9862814
9862812
9862810
9862808
9862806
9862804
9862802
9862800
9862798
9862796
9862794
9862792
9862790
9862788
9862786
9862784
9862782
9862780
9862778
9862776
9862774
9862772
9862770
9862768
9862766
9862764
9862762
9862760
9862758
9862756
9862754
9862752
9862750
9862748
9862746
9862744
9862742
9862740
9862738
9862736
9862734
9862732
9862730
9862728
9862726
9862724
9862722
9862720
9862718
9862716
9862714
9862712
9862710
9862708
9862706
9862704
9862702
9862700
9862698
9862696
9862694
9862692
9862690
9862688
9862686
9862684
9862682
9862680
9862678
9862676
9862674
9862672
9862670
9862668
9862664
9862662
9862660
9862658
9862656
9862654
9862652
9862650
9862648
9862646
9862644
9862642
9862640
9862638
9862636
9862634
9862632
9862630
9862628
9862626
9862624
9862622
9862618
9862616
9862614
9862612
9862610
9862608
9862606
9862604
9862602
9862600
9862598
9862596
9862594
9862592
9862590
9862588
9862586
9862584
9862582
9862580
9862578
9862576
9862574
9862572
9862570
9862568
9862564
9862562
9862560
9862558
9862556
9862554
9862552
9862550
9862548
9862546
9862544
9862542
9862540
9862538
9862536
9862534
9862532
9862530
9862528
9862526
9862524
9862522
9862520
9862518
9862516
9862514
9862512
9862510
9862508
9862506
9862504
9862502
9862500
9862498
9862496
9862494
9862492
9862490
9862488
9862486
9862484
9862482
9862480
9862478
9862476
9862474
9862472
9862470
9862468
9862466
9862464
9862462
9862460
9862458
9862456
9862454
9862452
9862450
9862448
9862446
9862444
9862442
9862440
9862438
9862436
9862434
9862432
9862430
9862428
9862426
9862422
9862420
9862418
9862416
9862414
9862412
9862410
9862408
9862406
9862404
9862402
9862400
9862398
9862396
9862394
9862392
9862390
9862388
9862386
9862384
9862382
9862380
9862378
9862376
9862374
9862372
9862370
9862368
9862366
9862364
9862362
9862360
9862358
9862356
9862354
9862352
9862350
9862348
9862346
9862344
9862342
9862340
9862338
9862336
9862334
9862332
9862330
9862328
9862326
9862324
9862322
9862320
9862318
9862316
9862314
9862312
9862310
9862308
9862306
9862304
9862302
9862300
9862298
9862296
9862294
9862292
9862290
9862288
9862286
9862284
9862282
9862280
9862278
9862276
9862274
9862272
9862270
9862268
9862266
9862264
9862262
9862260
9862258
9862256
9862254
9862252
9862250
9862248
9862246
9862244
9862242
9862240
9862238
9862236
9862234
9862232
9862230
9862228
9862226
9862224
9862222
9862220
9862218
9862216
9862214
9862212
9862210
9862208
9862206
9862204
9862202
9862200
9862198
9862196
9862194
9862192
9862190
9862188
9862186
9862184
9862182
9862178
9862176
9862174
9862172
9862170
9862168
9862166
9862164
9862162
9862160
9862158
9862156
9862154
9862152
9862150
9862148
9862146
9862144
9862142
9862140
9862138
9862136
9862134
9862132
9862130
9862128
9862126
9862124
9862122
9862120
9862118
9862116
9862114
9862112
9862110
9862108
9862106
9862104
9862102
9862100
9862098
9862096
9862094
9862090
9862088
9862086
9862084
9862082
9862080
9862078
9862076
9862074
9862072
9862070
9862068
9862066
9862064
9862062
9862060
9862058
9862056
9862054
9862052
9862050
9862048
9862046
9862044
9862042
9862038
9862036
9862034
9862032
9862030
9862028
9862026
9862024
9862022
9862020
9862018
9862016
9862014
9862012
9862010
9862008
9862006
9862002
9862000
9861998
9861994
9861992
9861988
9861986
9861982
9861980
9861978
9861974
9861972
9861970
9861968
9861962
9861960
9861958
9861956
9861954
9861950
9861948
9861946
9861944
9861942
9861938
9861936
9861934
9861932
9861930
9861928
9861926
9861924
9861922
9861920
9861918
9861916
9861912
9861910
9861908
9861906
9861904
9861900
9861898
9861896
9861894
9861892
9861890
9861888
9861886
9861884
9861882
9861880
9861878
9861876
9861874
9861870
9861868
9861866
9861864
9861862
9861860
9861858
9861856
9861854
9861852
9861850
9861848
9861846
9861844
9861842
9861840
9861838
9861836
9861834
9861832
9861830
9861828
9861826
9861824
9861822
9861820
9861818
9861816
9861814
9861812
9861810
9861808
9861806
9861804
9861802
9861800
9861798
9861796
9861794
9861792
9861790
9861788
9861786
9861784
9861782
9861780
9861778
9861776
9861774
9861772
9861770
9861768
9861766
9861764
9861762
9861760
9861758
9861756
9861754
9861752
9861750
9861748
9861746
9861744
9861742
9861740
9861738
9861736
9861734
9861732
9861728
9861726
9861724
9861722
9861720
9861718
9861716
9861714
9861712
9861710
9861708
9861706
9861704
9861702
9861700
9861698
9861696
9861694
9861692
9861690
9861688
9861686
9861684
9861682
9861680
9861678
9861676
9861674
9861672
9861670
9861668
9861666
9861664
9861662
9861660
9861658
9861656
9861654
9861652
9861650
9861648
9861646
9861644
9861642
9861640
9861638
9861636
9861634
9861632
9861630
9861628
9861626
9861624
9861622
9861620
9861618
9861616
9861614
9861612
9861610
9861608
9861606
9861604
9861602
9861600
9861598
9861596
9861594
9861592
9861590
9861588
9861586
9861584
9861582
9861580
9861578
9861576
9861574
9861572
9861570
9861568
9861566
9861564
9861562
9861560
9861558
9861556
9861554
9861552
9861550
9861548
9861546
9861544
9861542
9861540
9861538
9861532
9861530
9861528
9861526
9861524
9861522
9861520
9861518
9861516
9861514
9861512
9861510
9861508
9861506
9861504
9861502
9861500
9861498
9861496
9861494
9861492
9861486
9861484
9861482
9861480
9861472
9861470
9861468
9861466
9861464
9861462
9861460
9861458
9861456
9861454
9861452
9861450
9861448
9861446
9861444
9861442
9861440
9861438
9861436
9861434
9861432
9861430
9861428
9861426
9861418
9861416
9861414
9861412
9861410
9861406
9861404
9861402
9861400
9861398
9861396
9861394
9861392
9861390
9861388
9861386
9861382
9861380
9861378
9861374
9861372
9861370
9861368
9861366
9861364
9861362
9861360
9861358
9861356
9861352
9861350
9861348
9861346
9861344
9861342
9861340
9861338
9861336
9861334
9861330
9861328
9861326
9861324
9861320
9861318
9861316
9861314
9861312
9861310
9861308
9861306
9861304
9861302
9861300
9861298
9861296
9861294
9861292
9861290
9861286
9861284
9861282
9861278
9861276
9861272
9861270
9861268
9861266
9861264
9861262
9861260
9861258
9861254
9861252
9861250
9861248
9861246
9861244
9861242
9861240
9861238
9861236
9861234
9861232
9861230
9861228
9861226
9861224
9861222
9861220
9861218
9861216
9861214
9861212
9861210
9861208
9861206
9861204
9861202
9861200
9861198
9861196
9861194
9861190
9861188
9861184
9861180
9861178
9861176
9861174
9861172
9861170
9861168
9861166
9861164
9861162
9861160
9861158
9861156
9861154
9861152
9861150
9861148
9861146
